Training score,Testing score,RMSE
0.6039665124213678,0.5335453687740694,6357973670.068626
0.6039664748017661,0.5336069531587837,6357553945.62497
0.6039665124223685,0.5335483257194202,6357953517.829565
0.5987479530514545,0.5507263926843166,6239782815.220387
0.8385741033916437,0.7674263113906139,4489462112.349782
0.9347282689709181,0.7732922879178847,4432483906.4444275
0.6038884104505396,0.6399080296386985,5586254776.237762
0.8996714949607849,0.7619155645370483,4542339008.659379
0.7234878711980082,0.6748064866460222,5308660564.316316
0.9654884824915089,0.7825939588397612,4340600582.067997
